1 0.122633 0.706988 0.049822 0.271807
1 0.231317 0.686145 0.045296 0.285783
8 0.321820 0.270482 0.045414 0.268675
9 0.338299 0.690723 0.048669 0.304337
6 0.434527 0.264096 0.041893 0.263133
0 0.565281 0.642349 0.049793 0.262771
9 0.671701 0.248193 0.047544 0.239759
1 0.796790 0.266627 0.044172 0.267470
2 0.806405 0.679217 0.045296 0.262771
9 0.919053 0.285542 0.035089 0.293976
0 0.686405 0.686145 0.045296 0.267470
0 0.925843 0.683795 0.030562 0.262771
9 0.548861 0.254277 0.037367 0.245904
0 0.095459 0.315060 0.047544 0.318072
7 0.445843 0.674578 0.039615 0.272048
0 0.208107 0.285060 0.048698 0.285783
