4 0.900000 0.587470 0.027219 0.350361
2 0.773240 0.829518 0.045296 0.170602
1 0.786272 0.407711 0.041893 0.414940
0 0.427959 0.465301 0.043018 0.382651
1 0.541731 0.815663 0.039615 0.188916
1 0.079837 0.783434 0.039615 0.253614
1 0.195266 0.313193 0.039645 0.364217
2 0.193062 0.794940 0.044112 0.248916
1 0.313624 0.416867 0.040740 0.387229
1 0.653817 0.794940 0.041893 0.230602
1 0.429098 0.834157 0.038491 0.152169
0 0.662293 0.366446 0.045296 0.405181
0 0.547396 0.439940 0.044142 0.368795
0 0.076450 0.356928 0.046391 0.368795
